00001100000000000000000000000001
00100000000010000000000000000101
10101111101010000000000000000000
00100011101111010000000000000100
00100011101111011111111111111100
10001111101010000000000000000000
00100000000010010010000000001100
00000011110010010100100000100000
10001101001010010000000000000000
00100001001010010000000000000100
10101101001010000000000000000000
00100000000010000010000000001100
00000011110010000100000000100000
10001101000010000000000000000000
00100001000010000000000000000100
10001101000010000000000000000000
10101111101010000000000000000000
00100011101111010000000000000100
00100011101111011111111111111100
10001111101010000000000000000000
00100000000010010010000000000100
00000011110010010100100000100000
10001101001010010000000000000000
00100001001010010000000000000100
10101101001010000000000000000000
00100000000010000000000000000000
10101111101010000000000000000000
00100011101111010000000000000100
00100011101111011111111111111100
10001111101010000000000000000000
00100000000010010010000000001100
00000011110010010100100000100000
10001101001010010000000000000000
00100001001010010000000000001000
10101101001010000000000000000000
00100000000010000010000000001100
00000011110010000100000000100000
10001101000010000000000000000000
00100001000010000000000000001000
10001101000010000000000000000000
10101111101010000000000000000000
00100011101111010000000000000100
00100011101111011111111111111100
10001111101010000000000000000000
00100000000010010010000000000100
00000011110010010100100000100000
10001101001010010000000000000000
00100001001010010000000000001000
10101101001010000000000000000000
00100000000010000000000000000001
10101111101010000000000000000000
00100011101111010000000000000100
00100011101111011111111111111100
10001111101010000000000000000000
00100000000010010010000000001100
00000011110010010100100000100000
10001101001010010000000000000000
00100001001010010000000000001100
10101101001010000000000000000000
00100000000010000010000000001100
00000011110010000100000000100000
10001101000010000000000000000000
00100001000010000000000000001100
10001101000010000000000000000000
10101111101010000000000000000000
00100011101111010000000000000100
00100011101111011111111111111100
10001111101010000000000000000000
00100000000010010010000000000100
00000011110010010100100000100000
10001101001010010000000000000000
00100001001010010000000000001100
10101101001010000000000000000000
00100000000010000000000000000000
10101111101010000000000000000000
00100011101111010000000000000100
00100011101111011111111111111100
10001111101010000000000000000000
00100000000010010010000000001100
00000011110010010100100000100000
10001101001010010000000000000000
00100001001010010000000000010000
10101101001010000000000000000000
00100000000010000010000000001100
00000011110010000100000000100000
10001101000010000000000000000000
00100001000010000000000000010000
10001101000010000000000000000000
10101111101010000000000000000000
00100011101111010000000000000100
00100011101111011111111111111100
10001111101010000000000000000000
00100000000010010010000000000100
00000011110010010100100000100000
10001101001010010000000000000000
00100001001010010000000000010000
10101101001010000000000000000000
00100000000010000010000000000100
00000011110010000100000000100000
10001101000010000000000000000000
00100001000010000000000000001100
10001101000010000000000000000000
10101111101010000000000000000000
00100011101111010000000000000100
00100011101111011111111111111100
10001111101010000000000000000000
00000000000010000001100000100000
00100011101111010000000000000100
00100000000000100000000000000100
00000000000000000000000001110011
00100000000010000010000000000100
00000011110010000100000000100000
10001101000010000000000000000000
00100001000010000000000000001000
10001101000010000000000000000000
10101111101010000000000000000000
00100011101111010000000000000100
00100011101111011111111111111100
10001111101010000000000000000000
00000000000010000001100000100000
00100011101111010000000000000100
00100000000000100000000000000100
00000000000000000000000001110011
00100000000010000000000000000010
10101111101010000000000000000000
00100011101111010000000000000100
00100011101111011111111111111100
10001111101010000000000000000000
00100000000010010010000000001100
00000011110010010100100000100000
10001101001010010000000000000000
00100001001010010000000000010100
10101101001010000000000000000000
00100000000010000010000000001100
00000011110010000100000000100000
10001101000010000000000000000000
00100001000010000000000000010100
10001101000010000000000000000000
10101111101010000000000000000000
00100011101111010000000000000100
00100011101111011111111111111100
10001111101010000000000000000000
00100000000010010010000000000100
00000011110010010100100000100000
10001101001010010000000000000000
00100001001010010000000000010100
10101101001010000000000000000000
00100000000010000000000000000101
10101111101010000000000000000000
00100011101111010000000000000100
00100011101111011111111111111100
10001111101010000000000000000000
00100000000010010010000000001100
00000011110010010100100000100000
10001101001010010000000000000000
00100001001010010000000000011000
10101101001010000000000000000000
00100000000010000010000000000100
00000011110010000100000000100000
10001101000010000000000000000000
00100001000010000000000000010100
10001101000010000000000000000000
10101111101010000000000000000000
00100011101111010000000000000100
00100000000010000010000000001100
00000011110010000100000000100000
10001101000010000000000000000000
00100001000010000000000000011000
10001101000010000000000000000000
10101111101010000000000000000000
00100011101111010000000000000100
00100011101111011111111111111100
10001111101010010000000000000000
00100011101111011111111111111100
10001111101010000000000000000000
01001101001010000000000000001000
00100000000010100000000000000000
00001000000000000000000010110011
00100000000010100000000000000001
10101111101010100000000000000000
00100011101111010000000000000100
00100011101111011111111111111100
10001111101010000000000000000000
00100000000010010010000000001100
00000011110010010100100000100000
10001101001010010000000000000000
00100001001010010000000000011100
10101101001010000000000000000000
00100000000010000010000000001100
00000011110010000100000000100000
10001101000010000000000000000000
00100001000010000000000000011100
10001101000010000000000000000000
10101111101010000000000000000000
00100011101111010000000000000100
00100011101111011111111111111100
10001111101010000000000000000000
00100000000010010000000000000001
00010001001010000000000011011000
00001000000000000000000101010001
00100000000010000000000000000001
10101111101010000000000000000000
00100011101111010000000000000100
00100011101111011111111111111100
10001111101010000000000000000000
00100000000010010010000000001100
00000011110010010100100000100000
10001101001010010000000000000000
00100001001010010000000000011100
10101101001010000000000000000000
00100000000010000010000000000100
00000011110010000100000000100000
10001101000010000000000000000000
00100001000010000000000000010100
10001101000010000000000000000000
10101111101010000000000000000000
00100011101111010000000000000100
00100000000010000010000000001100
00000011110010000100000000100000
10001101000010000000000000000000
00100001000010000000000000011100
10001101000010000000000000000000
10101111101010000000000000000000
00100011101111010000000000000100
00100011101111011111111111111100
10001111101010000000000000000000
00100011101111011111111111111100
10001111101010010000000000000000
00000001000010010100000000100000
10101111101010000000000000000000
00100011101111010000000000000100
00100011101111011111111111111100
10001111101010000000000000000000
00100000000010010010000000001100
00000011110010010100100000100000
10001101001010010000000000000000
00100001001010010000000000100000
10101101001010000000000000000000
00100000000010000010000000001100
00000011110010000100000000100000
10001101000010000000000000000000
00100001000010000000000000100000
10001101000010000000000000000000
10101111101010000000000000000000
00100011101111010000000000000100
00100011101111011111111111111100
10001111101010000000000000000000
00100000000010010010000000000100
00000011110010010100100000100000
10001101001010010000000000000000
00100001001010010000000000010100
10101101001010000000000000000000
00001000000000000000000010010011
00100000000010000010000000000100
00000011110010000100000000100000
10001101000010000000000000000000
00100001000010000000000000001100
10001101000010000000000000000000
10101111101010000000000000000000
00100011101111010000000000000100
00100000000010000010000000000100
00000011110010000100000000100000
10001101000010000000000000000000
00100001000010000000000000001000
10001101000010000000000000000000
10101111101010000000000000000000
00100011101111010000000000000100
00100011101111011111111111111100
10001111101010000000000000000000
00100011101111011111111111111100
10001111101010010000000000000000
00000001000010010100000000100000
10101111101010000000000000000000
00100011101111010000000000000100
00100011101111011111111111111100
10001111101010000000000000000000
00100000000010010010000000001100
00000011110010010100100000100000
10001101001010010000000000000000
00100001001010010000000000100000
10101101001010000000000000000000
00100000000010000010000000001100
00000011110010000100000000100000
10001101000010000000000000000000
00100001000010000000000000100000
10001101000010000000000000000000
10101111101010000000000000000000
00100011101111010000000000000100
00100011101111011111111111111100
10001111101010000000000000000000
00100000000010010010000000000100
00000011110010010100100000100000
10001101001010010000000000000000
00100001001010010000000000010000
10101101001010000000000000000000
00100000000010000010000000000100
00000011110010000100000000100000
10001101000010000000000000000000
00100001000010000000000000010000
10001101000010000000000000000000
10101111101010000000000000000000
00100011101111010000000000000100
00100011101111011111111111111100
10001111101010000000000000000000
00000000000010000001100000100000
00100011101111010000000000000100
00100000000000100000000000000100
00000000000000000000000001110011
00100000000010000010000000000100
00000011110010000100000000100000
10001101000010000000000000000000
00100001000010000000000000001100
10001101000010000000000000000000
10101111101010000000000000000000
00100011101111010000000000000100
00100011101111011111111111111100
10001111101010000000000000000000
00100000000010010010000000000100
00000011110010010100100000100000
10001101001010010000000000000000
00100001001010010000000000001000
10101101001010000000000000000000
00100000000010000010000000000100
00000011110010000100000000100000
10001101000010000000000000000000
00100001000010000000000000010000
10001101000010000000000000000000
10101111101010000000000000000000
00100011101111010000000000000100
00100011101111011111111111111100
10001111101010000000000000000000
00100000000010010010000000000100
00000011110010010100100000100000
10001101001010010000000000000000
00100001001010010000000000001100
10101101001010000000000000000000
00001000000000000000000011001000
00000000000000000000000000000000
